jaccard_micro: 0.35714285714285715
jaccard_macro: 0.31075757575757573
hammingloss: 0.10909090909090909
F1: 0.5263157894736842
Acc: 0.30303030303030304
