jaccard_micro: 0.11538461538461539
jaccard_macro: 0.07205882352941176
hammingloss: 0.16829268292682928
F1: 0.20689655172413793
Acc: 0.1951219512195122
