jaccard_micro: 0.28205128205128205
jaccard_macro: 0.20100373482726425
hammingloss: 0.13658536585365855
F1: 0.43999999999999995
Acc: 0.2682926829268293
