jaccard_micro: 0.08064516129032258
jaccard_macro: 0.07777777777777778
hammingloss: 0.14074074074074075
F1: 0.14925373134328357
Acc: 0.2716049382716049
