jaccard_micro: 0.09090909090909091
jaccard_macro: 0.06560150375939848
hammingloss: 0.17073170731707318
F1: 0.16666666666666666
Acc: 0.17073170731707318
